00000000000000010000000000000000000000000000000000000010000000000000000000000
00000000000000010000000000000000000000000000000000000111000000000000000000000
00000000000000010000000000000000000000000000000000000010000000000000000000000
00000000000000010000000000000000000000000000000000000000000000000000000000000
00000000000000010000000000000000000000000000000000000000000000000000000000000
00000000000000010000000000000000000000000000000000000000000000000000000000000
00000000000000011111111111111111100000000000000000000000000000000000000000000
00000000000000011000010110100000011111111111110000000000000000000000000000000
00000000000000010000000000100000011111000111110000000000000000000000000000000
00000000000000010000000000100000011111010111110000000000000000000000000000000
00000000111111111111111111111111111111000111110000000000000000000000000000000
00000000000000000000000000100000011111111111110000000000000000000000000000000
00000000000000000000000000100000000000000000000000000000000000000000000000000
00000000000000000000000000100000000000000000000000000000000001000000000000000
00000000000000000000000000100000000000000000000000000000000001000000000000000
00000000000000000000000001111000000000000000000000000000000001000000000000000
00000000000000000000000001111000000000000000000000000000000001000000000000000
00000000000000000000000000000000000000000000000000000000000001000000000000000
00000000000000000000000000000000000000000000000000000000000001000000000000000
00000000000000000000000000000000000000000000000000000000000101000000000000000
00000000000000000000000000000000000000000000000000000000010101000000000000000
00000000000000000000000000000000000000000000000000000000010001000000000000000
00000000000000000000000001100010000000000000000000000000010101000000000000000
00000000000000000000000011011101100000000011111111111111111111000000000000000
00000000000000000000000110100010000000000000000000000000000001000000000000000
00000000000000000000000100000000000000000000000000000000000001000000000000000
00000000000000000000000000000000000000000000000000000000000001000000000000000
00000000000000000000000000000000000000000000000000000000000001000000000000000
00000000000000000000000000000000000000000000000000000000000001000000000000000
00000000000000000000000000000000000000000000000000000000000001000000000000000
00000000000000000000000000000000000000000000000000000000000001000000000000000
00000000000000000000000000000000000000000000000000000000000000000000000000000
00000000000000000000000000000000000000000000000000000000000000000000000000000
00000000000000000000000000000000000000000000000000000000000000000000000000000
00000000000000000000000000000000000000000000000000000000000000000000000000000
00000000000000000000000000000000000000000000000000000000000000000000000000000
00000000000000000000000000000000000000000000000000000000000000000000000000000
00000000000000000000000000000000000000000000000000000000000000000000000000000
00000000000000000000000000000000000000000000000000000000000000000000000000000
00000000000000000000000000000000000000000000000000000000000000000000000000000
00000000000000000000000000000000000000000000000000000000000000000000000000000
00000000000000000000000000000000000000000000000000000000000000000000000000000
00000000000000000000000000000000000000000000000000000000000000000000000000000
00000000000000000000000000000000000000000000000000000000000000000000000000000
00000000000000000000000000000000000000000000000000000000000000000000000000000
00000000000000000000000000000000000000000000000000000000000000000000000000000
00000000000000000000000000000000000000000000000000000000000000000000000000000
00000000000000000000000000000000000000000000000000000000000000000000000000000
00000000000000000000000000000000000000000000000000000000000000000000000000000
00000000000000000000000000000000000000000000000000000000000000000000000000000
00000000000000000000000000000000000000000000000000000000000000000000000000000
00000000000000000000000000000000000000000000000000000000000000000000000000000
00000000000000000000000000000000000000000000000000000000000000000000000000000
00000000000000000000000000000000000000000000000000000000000000000000000000000
00000000000000000000000000000000000000000000000000000000000000000000000000000
00000000000000000000000000000000000000000000000000000000000000000000000000000
00000000011111111111100000000000000000000000000000000000000000000000000000000
00000000011111111111100000000000000000000000000000000000000000000000000000000
00000000011111111111100000000000000000000000000000000000000000000000000000000
00000000011111111111100000000000000000000000000000000000000000000000000000000
00000000011111111111100000000000000000000000000000000000000000000000000000000
00000000011111111111100000000000000000000000000000000000000000000000000000000
00000000011111111111100000000000111000000000000000000000000000000000000000000
00000000011111111111100000000001001000000000000000000000000000000000000000000
00000000011111111111100000000011101010000000000000000000000000000000000000000
00000000000000000000000000000000001000000000000000000000000000000000000000000
00000000000000000000000000000000001000000000000000000000000000000000000000000
00000000000000000000000000000000001000000000000000000000000000000000000000000
00000000000000000000000000000000001000000000000000000000000000000000000000000
00000000000000000000000000000000001000000000000000000000000000000000000000000
00000000000000000000001111111111111111111111111100000000000000000000000000000
00000000000000001111111111111111111111111111111111111100000000000000000000000
00000000000000000000000000000000001000000000000000000000000000000000000000000
00000000000000000000000000000000001000000000000000000000000000000000000000000
00000000000000000000000000000000001000000000000000000000000000000000000000000
00000000000000000000000000000000000000000000000000000000000000000000000000000
00000000000000000000000000000000000000000000000000000000000000000000000000000
